---------------------------------------
 Fit paramateres: median +- std  
---------------------------------------
-- G3
p  = 165.471631234 59.5650401648
T0 = 2022.11862755 19.9829989934
e  = 0.137654253299 0.0947231331678
i  = 52.1938701929 4.82060554733
w  = -100.499222162 61.8591371608
O  = 55.0480314181 4.68750993389
add_err astro  = 7.21481859598 3.23683037621
add_err RVS    = 10.7895879751 9.93808513607
-- G4
p  = 826.553890434 234.695470539
T0 = 2072.83372107 29.369478446
e  = 0.293228533662 0.0878357514923
i  = 95.2348660654 2.10432495196
w  = 153.183898681 113.2099269
O  = 92.0720832931 4.83428155586
add_err astro  = 4.60873556635 2.70067447028
add_err RVS    = 6.51425335756 10.6390642761
-- G5
p  = 1640.91164422 992.839936091
T0 = 2062.39704534 17.0876433532
e  = 0.907112116651 0.135645020877
i  = 90.4773332411 6.3076448584
w  = 7.39702893742 28.3839424985
O  = 63.1424749176 52.6133368194
add_err astro  = 4.20458516847 2.97766060784
add_err RVS    = 8.19096139042 11.1288674243
-- G6
p  = 962.671420765 263.392326706
T0 = 2201.62898098 55.4356932094
e  = 0.313856985495 0.082737897171
i  = 83.6648957847 5.03263941614
w  = -129.693769052 133.754091913
O  = 61.0763135243 18.826006005
add_err astro  = 5.89884615007 8.68946582651
add_err RVS    = 7.78037733499 15.4915923036